1 
7.3635783419350698e+05	1.2548458267799998e+00	5.0000000000000000e+00	2.4529365799999999e+02	
7.3635783564012730e+05	1.3789514579999997e+00	5.0000000000000000e+00	2.3487909700000000e+02
7.3635783728912042e+05	1.4892675746399999e+00	5.0000000000000000e+00	2.2300625699999998e+02	
7.3635783838450233e+05	1.5582151475399999e+00	5.0000000000000000e+00	2.1511845099999999e+02	
7.3635783905159717e+05	2.2339013619599997e+00	5.0000000000000000e+00	2.1031652900000000e+02
7.3635783978203707e+05	3.1302198096599994e+00	5.0000000000000000e+00	2.0505586299999999e+02	
7.3635784152997681e+05	4.4402236947599993e+00	5.0000000000000000e+00	1.9247076099999998e+02	
7.3635784294979169e+05	5.7640170944399989e+00	5.0000000000000000e+00	1.8224762699999999e+02	
7.3635784400675923e+05	7.2670741836599992e+00	5.0000000000000000e+00	1.7463723199999998e+02	
7.3635784522820602e+05	9.1424481665399977e+00	5.0000000000000000e+00	1.6584364299999999e+02	
7.3635784780881950e+05	1.1541823703459999e+01	5.0000000000000000e+00	1.4726444499999999e+02	
7.3635785306559026e+05	1.5030570892199998e+01	5.0000000000000000e+00	1.0941455700000000e+02	
7.3635785685333330e+05	1.8105632643539998e+01	5.0000000000000000e+00	8.2143552999999997e+01	
7.3635785772061348e+05	1.7829842351939998e+01	5.0000000000000000e+00	7.5897869000000000e+01	
7.3635785819913191e+05	1.7154156137519998e+01	5.0000000000000000e+00	7.2453941000000000e+01	
7.3635785881577549e+05	1.6271627204399998e+01	5.0000000000000000e+00	6.8012406999999996e+01
7.3635785930644674e+05	1.5223624096319998e+01	5.0000000000000000e+00	6.4481047000000004e+01	
7.3635785980990739e+05	1.3679198463359999e+01	5.0000000000000000e+00	6.0856102000000000e+01
7.3635786030091438e+05	1.2093404286659998e+01	5.0000000000000000e+00	5.7320583999999997e+01	
7.3635786095498840e+05	9.8319238955399975e+00	5.0000000000000000e+00	5.2610417999999996e+01	
7.3635786173481483e+05	7.3084427273999992e+00	5.0000000000000000e+00	4.6995616999999996e+01	
7.3635786236373847e+05	4.3712761218599994e+00	5.0000000000000000e+00	4.2468413999999996e+01	
7.3635786319494213e+05	3.5990633053799996e+00	5.0000000000000000e+00	3.6483080999999999e+01	
7.3635786367307871e+05	2.9923246638599994e+00	5.0000000000000000e+00	3.3041413999999996e+01	
7.3635786401304393e+05	2.2890594202799996e+00	5.0000000000000000e+00	3.0593511999999997e+01	